   0.0000000e+00   3.7230148e+00
   5.0000000e-03   6.5466093e+00
   1.0000000e-02   3.5087443e+00
   1.5000000e-02   1.2753620e+01
   2.0000000e-02   7.0114310e+00
   2.5000000e-02   4.6888008e+00
   3.0000000e-02   1.0588721e+01
   3.5000000e-02   8.8899683e+00
   4.0000000e-02   5.6342610e+00
   4.5000000e-02   1.2482380e+01
   5.0000000e-02   3.0154350e+00
   5.5000000e-02   1.0469980e+01
   6.0000000e-02   8.1383293e+00
   6.5000000e-02   7.1837005e+00
   7.0000000e-02   6.8144104e+00
   7.5000000e-02   1.0126830e+01
   8.0000000e-02   1.2322983e+01
   8.5000000e-02   9.4343105e+00
   9.0000000e-02   6.9665743e+00
   9.5000000e-02   1.0958372e+01
   1.0000000e-01   7.1416668e+00
   1.0500000e-01   9.5220246e+00
   1.1000000e-01   7.1369464e+00
   1.1500000e-01   8.5089739e+00
   1.2000000e-01   1.2109676e+01
   1.2500000e-01   8.7209411e+00
   1.3000000e-01   1.4045792e+01
   1.3500000e-01   1.0246641e+01
   1.4000000e-01   8.0081492e+00
   1.4500000e-01   7.7369803e+00
   1.5000000e-01   8.2953933e+00
   1.5500000e-01   5.5401674e+00
   1.6000000e-01   4.2994037e+00
   1.6500000e-01   1.5782661e+01
   1.7000000e-01   1.2435286e+01
   1.7500000e-01   8.7255806e+00
   1.8000000e-01   3.1899676e+00
   1.8500000e-01   1.1484589e+01
   1.9000000e-01   6.2741309e+00
   1.9500000e-01   6.0518946e+00
   2.0000000e-01   6.4008705e+00
   2.0500000e-01   1.3413983e+01
   2.1000000e-01   8.0249627e+00
   2.1500000e-01   6.7659400e+00
   2.2000000e-01   1.1459342e+01
   2.2500000e-01   8.6819059e+00
   2.3000000e-01   1.0947469e+01
   2.3500000e-01   7.6128644e+00
   2.4000000e-01   1.1092354e+01
   2.4500000e-01   1.5728231e+01
   2.5000000e-01   4.5005928e+00
   2.5500000e-01   5.6857204e+00
   2.6000000e-01   6.2005771e+00
   2.6500000e-01   1.3866010e+01
   2.7000000e-01   1.0203013e+01
   2.7500000e-01   7.2175263e+00
   2.8000000e-01   1.1062859e+01
   2.8500000e-01   1.2626234e+01
   2.9000000e-01   1.3852501e+01
   2.9500000e-01   1.1705078e+01
   3.0000000e-01   5.9820438e+00
   3.0500000e-01   1.7998845e+01
   3.1000000e-01   1.0340076e+01
   3.1500000e-01   9.7091650e+00
   3.2000000e-01   9.4179875e+00
   3.2500000e-01   1.3497131e+01
   3.3000000e-01   1.0740952e+01
   3.3500000e-01   9.1671466e+00
   3.4000000e-01   1.2510430e+01
   3.4500000e-01   1.1298476e+01
   3.5000000e-01   7.0441450e+00
   3.5500000e-01   1.2274455e+01
   3.6000000e-01   1.3466319e+01
   3.6500000e-01   1.2049760e+01
   3.7000000e-01   1.1398593e+01
   3.7500000e-01   7.8678623e+00
   3.8000000e-01   7.9933956e+00
   3.8500000e-01   1.1391901e+01
   3.9000000e-01   9.3018761e+00
   3.9500000e-01   1.5557689e+01
   4.0000000e-01   1.0589728e+01
   4.0500000e-01   9.5429544e+00
   4.1000000e-01   9.1745409e+00
   4.1500000e-01   1.2874952e+01
   4.2000000e-01   8.5580150e+00
   4.2500000e-01   1.5394497e+01
   4.3000000e-01   1.5896612e+01
   4.3500000e-01   7.4682684e+00
   4.4000000e-01   1.1453162e+01
   4.4500000e-01   1.0540636e+01
   4.5000000e-01   6.9929856e+00
   4.5500000e-01   1.0688254e+01
   4.6000000e-01   9.1724495e+00
   4.6500000e-01   1.2871805e+01
   4.7000000e-01   8.8865732e+00
   4.7500000e-01   9.1642738e+00
   4.8000000e-01   1.2281909e+01
   4.8500000e-01   1.2617586e+01
   4.9000000e-01   1.2823215e+01
   4.9500000e-01   1.3004745e+01
   5.0000000e-01   6.9500416e+00
   5.0500000e-01   1.7296602e+01
   5.1000000e-01   1.1064056e+01
   5.1500000e-01   1.3434086e+01
   5.2000000e-01   7.3787134e+00
   5.2500000e-01   1.1766051e+01
   5.3000000e-01   1.2150400e+01
   5.3500000e-01   1.4701868e+01
   5.4000000e-01   1.2408526e+01
   5.4500000e-01   1.2329855e+01
   5.5000000e-01   1.0768270e+01
   5.5500000e-01   8.9387460e+00
   5.6000000e-01   1.1881237e+01
   5.6500000e-01   1.0068991e+01
   5.7000000e-01   1.1985711e+01
   5.7500000e-01   1.6437937e+01
   5.8000000e-01   1.1909674e+01
   5.8500000e-01   2.0757041e+01
   5.9000000e-01   1.5862371e+01
   5.9500000e-01   2.0642074e+01
   6.0000000e-01   1.3633099e+01
   6.0500000e-01   1.0294003e+01
   6.1000000e-01   1.7853956e+01
   6.1500000e-01   8.7244029e+00
   6.2000000e-01   1.0749461e+01
   6.2500000e-01   1.2324637e+01
   6.3000000e-01   1.9822710e+01
   6.3500000e-01   1.3470637e+01
   6.4000000e-01   1.0829903e+01
   6.4500000e-01   6.7220315e+00
   6.5000000e-01   1.6588872e+01
   6.5500000e-01   1.8064485e+01
   6.6000000e-01   1.4017646e+01
   6.6500000e-01   1.2424440e+01
   6.7000000e-01   1.0128698e+01
   6.7500000e-01   1.0511436e+01
   6.8000000e-01   1.6059758e+01
   6.8500000e-01   1.2239822e+01
   6.9000000e-01   1.2898201e+01
   6.9500000e-01   1.6048345e+01
   7.0000000e-01   1.4697213e+01
   7.0500000e-01   1.5253154e+01
   7.1000000e-01   1.2543266e+01
   7.1500000e-01   1.0473322e+01
   7.2000000e-01   1.6785869e+01
   7.2500000e-01   1.6629981e+01
   7.3000000e-01   2.0602671e+01
   7.3500000e-01   1.3363154e+01
   7.4000000e-01   1.2239762e+01
   7.4500000e-01   1.4196429e+01
   7.5000000e-01   1.6338306e+01
   7.5500000e-01   1.7158853e+01
   7.6000000e-01   1.2496825e+01
   7.6500000e-01   1.5795104e+01
   7.7000000e-01   1.3342988e+01
   7.7500000e-01   1.5174681e+01
   7.8000000e-01   1.3658824e+01
   7.8500000e-01   1.3506812e+01
   7.9000000e-01   1.7121020e+01
   7.9500000e-01   1.5167010e+01
   8.0000000e-01   1.5820440e+01
   8.0500000e-01   1.5215771e+01
   8.1000000e-01   1.8771977e+01
   8.1500000e-01   1.7366199e+01
   8.2000000e-01   2.3824216e+01
   8.2500000e-01   1.5099154e+01
   8.3000000e-01   1.3562715e+01
   8.3500000e-01   1.7384587e+01
   8.4000000e-01   1.4226001e+01
   8.4500000e-01   1.5539016e+01
   8.5000000e-01   1.4932583e+01
   8.5500000e-01   1.9142691e+01
   8.6000000e-01   1.5553860e+01
   8.6500000e-01   1.1567591e+01
   8.7000000e-01   2.0509451e+01
   8.7500000e-01   1.2155703e+01
   8.8000000e-01   1.6616522e+01
   8.8500000e-01   1.8406402e+01
   8.9000000e-01   1.6035380e+01
   8.9500000e-01   1.6648428e+01
   9.0000000e-01   1.7282368e+01
   9.0500000e-01   1.5703167e+01
   9.1000000e-01   1.5438697e+01
   9.1500000e-01   1.6018897e+01
   9.2000000e-01   1.8232641e+01
   9.2500000e-01   2.1246886e+01
   9.3000000e-01   1.6731908e+01
   9.3500000e-01   1.3848456e+01
   9.4000000e-01   1.4829650e+01
   9.4500000e-01   1.9379596e+01
   9.5000000e-01   2.0666880e+01
   9.5500000e-01   1.4242548e+01
   9.6000000e-01   1.8191678e+01
   9.6500000e-01   1.4793228e+01
   9.7000000e-01   1.7988487e+01
   9.7500000e-01   1.7075437e+01
   9.8000000e-01   2.0939428e+01
   9.8500000e-01   2.2047642e+01
   9.9000000e-01   1.6499572e+01
   9.9500000e-01   2.0345262e+01
   1.0000000e+00   1.5677297e+01
   1.0050000e+00   1.7382877e+01
   1.0100000e+00   2.0757060e+01
   1.0150000e+00   1.8124377e+01
   1.0200000e+00   1.5930021e+01
   1.0250000e+00   1.8836732e+01
   1.0300000e+00   1.8648471e+01
   1.0350000e+00   1.7801676e+01
   1.0400000e+00   1.8162865e+01
   1.0450000e+00   1.4616770e+01
   1.0500000e+00   1.6496288e+01
   1.0550000e+00   2.1156210e+01
   1.0600000e+00   1.9175723e+01
   1.0650000e+00   1.7037924e+01
   1.0700000e+00   1.9801458e+01
   1.0750000e+00   1.7926099e+01
   1.0800000e+00   2.2107589e+01
   1.0850000e+00   1.7568716e+01
   1.0900000e+00   1.9068928e+01
   1.0950000e+00   2.0965469e+01
   1.1000000e+00   2.3432470e+01
   1.1050000e+00   1.9884831e+01
   1.1100000e+00   2.0411684e+01
   1.1150000e+00   2.0026967e+01
   1.1200000e+00   2.0459467e+01
   1.1250000e+00   1.9986682e+01
   1.1300000e+00   1.7906508e+01
   1.1350000e+00   1.9453067e+01
   1.1400000e+00   2.1801701e+01
   1.1450000e+00   2.2408880e+01
   1.1500000e+00   2.4955553e+01
   1.1550000e+00   1.9313172e+01
   1.1600000e+00   1.7092203e+01
   1.1650000e+00   2.3091076e+01
   1.1700000e+00   2.1921189e+01
   1.1750000e+00   2.2455714e+01
   1.1800000e+00   2.3735830e+01
   1.1850000e+00   2.1239435e+01
   1.1900000e+00   2.2784850e+01
   1.1950000e+00   2.4874676e+01
   1.2000000e+00   2.2643023e+01
   1.2050000e+00   1.9335356e+01
   1.2100000e+00   1.9734513e+01
   1.2150000e+00   2.0597520e+01
   1.2200000e+00   2.3032785e+01
   1.2250000e+00   1.9306187e+01
   1.2300000e+00   2.1779225e+01
   1.2350000e+00   2.4118928e+01
   1.2400000e+00   1.9071195e+01
   1.2450000e+00   2.1086867e+01
   1.2500000e+00   2.6632106e+01
   1.2550000e+00   2.2050695e+01
   1.2600000e+00   2.1875849e+01
   1.2650000e+00   2.8238973e+01
   1.2700000e+00   2.5066107e+01
   1.2750000e+00   1.9882347e+01
   1.2800000e+00   2.3897069e+01
   1.2850000e+00   2.4291770e+01
   1.2900000e+00   2.6326446e+01
   1.2950000e+00   2.0977720e+01
   1.3000000e+00   2.7190673e+01
   1.3050000e+00   2.3170806e+01
   1.3100000e+00   2.8091587e+01
   1.3150000e+00   2.7924231e+01
   1.3200000e+00   3.0238366e+01
   1.3250000e+00   3.1005417e+01
   1.3300000e+00   2.2057021e+01
   1.3350000e+00   2.4139711e+01
   1.3400000e+00   2.5408100e+01
   1.3450000e+00   2.6169781e+01
   1.3500000e+00   2.4372083e+01
   1.3550000e+00   2.2666754e+01
   1.3600000e+00   2.7436222e+01
   1.3650000e+00   2.8639848e+01
   1.3700000e+00   2.7883012e+01
   1.3750000e+00   1.9372287e+01
   1.3800000e+00   2.6696420e+01
   1.3850000e+00   2.7940936e+01
   1.3900000e+00   2.5940079e+01
   1.3950000e+00   2.2478342e+01
   1.4000000e+00   2.8826475e+01
   1.4050000e+00   2.8552268e+01
   1.4100000e+00   3.0008302e+01
   1.4150000e+00   2.1518924e+01
   1.4200000e+00   2.0091825e+01
   1.4250000e+00   2.4803488e+01
   1.4300000e+00   2.8570384e+01
   1.4350000e+00   2.7926868e+01
   1.4400000e+00   2.3809299e+01
   1.4450000e+00   2.6375484e+01
   1.4500000e+00   2.9917577e+01
   1.4550000e+00   2.4560645e+01
   1.4600000e+00   3.2932306e+01
   1.4650000e+00   2.8816988e+01
   1.4700000e+00   2.4692564e+01
   1.4750000e+00   3.0280601e+01
   1.4800000e+00   3.2866965e+01
   1.4850000e+00   2.6441210e+01
   1.4900000e+00   2.8971228e+01
   1.4950000e+00   2.8524310e+01
   1.5000000e+00   2.9522069e+01
   1.5050000e+00   3.4105479e+01
   1.5100000e+00   3.5050512e+01
   1.5150000e+00   3.0445432e+01
   1.5200000e+00   2.5133661e+01
   1.5250000e+00   3.0641707e+01
   1.5300000e+00   3.6934846e+01
   1.5350000e+00   2.7483210e+01
   1.5400000e+00   3.2515149e+01
   1.5450000e+00   3.3415134e+01
   1.5500000e+00   3.3966738e+01
   1.5550000e+00   3.3656717e+01
   1.5600000e+00   2.5309984e+01
   1.5650000e+00   3.2259836e+01
   1.5700000e+00   2.9573604e+01
   1.5750000e+00   3.4894930e+01
   1.5800000e+00   3.4205320e+01
   1.5850000e+00   2.9671118e+01
   1.5900000e+00   3.6308296e+01
   1.5950000e+00   3.2441086e+01
   1.6000000e+00   3.3817243e+01
   1.6050000e+00   3.3053286e+01
   1.6100000e+00   3.4310989e+01
   1.6150000e+00   2.7744891e+01
   1.6200000e+00   3.1073035e+01
   1.6250000e+00   3.5588581e+01
   1.6300000e+00   3.2325146e+01
   1.6350000e+00   3.1792462e+01
   1.6400000e+00   3.5313125e+01
   1.6450000e+00   3.2425297e+01
   1.6500000e+00   3.2800000e+01
   1.6550000e+00   2.8952154e+01
   1.6600000e+00   3.0285250e+01
   1.6650000e+00   3.0436699e+01
   1.6700000e+00   3.5469687e+01
   1.6750000e+00   3.5247815e+01
   1.6800000e+00   3.7160198e+01
   1.6850000e+00   3.5614471e+01
   1.6900000e+00   3.6127562e+01
   1.6950000e+00   3.4432352e+01
   1.7000000e+00   3.6133141e+01
   1.7050000e+00   4.3071462e+01
   1.7100000e+00   3.3886250e+01
   1.7150000e+00   3.2203239e+01
   1.7200000e+00   3.2402374e+01
   1.7250000e+00   3.4158758e+01
   1.7300000e+00   3.4746493e+01
   1.7350000e+00   4.1507204e+01
   1.7400000e+00   3.3378411e+01
   1.7450000e+00   3.6604669e+01
   1.7500000e+00   3.6444700e+01
   1.7550000e+00   4.1738297e+01
   1.7600000e+00   4.7052112e+01
   1.7650000e+00   3.5849766e+01
   1.7700000e+00   3.6731383e+01
   1.7750000e+00   3.3424105e+01
   1.7800000e+00   4.3508689e+01
   1.7850000e+00   3.8242549e+01
   1.7900000e+00   3.6126130e+01
   1.7950000e+00   3.9004160e+01
   1.8000000e+00   3.4432935e+01
   1.8050000e+00   3.4792429e+01
   1.8100000e+00   3.4619848e+01
   1.8150000e+00   4.4112050e+01
   1.8200000e+00   4.0602990e+01
   1.8250000e+00   3.8596732e+01
   1.8300000e+00   4.1381091e+01
   1.8350000e+00   3.8701707e+01
   1.8400000e+00   4.6273682e+01
   1.8450000e+00   4.3752206e+01
   1.8500000e+00   4.0121068e+01
   1.8550000e+00   3.6468305e+01
   1.8600000e+00   4.2074936e+01
   1.8650000e+00   3.5056152e+01
   1.8700000e+00   3.5347019e+01
   1.8750000e+00   3.8730877e+01
   1.8800000e+00   4.0979109e+01
   1.8850000e+00   3.8301287e+01
   1.8900000e+00   4.5937996e+01
   1.8950000e+00   4.5436771e+01
   1.9000000e+00   4.4036314e+01
   1.9050000e+00   4.3110175e+01
   1.9100000e+00   3.8385313e+01
   1.9150000e+00   4.3075431e+01
   1.9200000e+00   4.2385947e+01
   1.9250000e+00   4.4448233e+01
   1.9300000e+00   4.5065339e+01
   1.9350000e+00   4.1618837e+01
   1.9400000e+00   4.3061350e+01
   1.9450000e+00   4.4873841e+01
   1.9500000e+00   4.8510046e+01
   1.9550000e+00   4.3122292e+01
   1.9600000e+00   4.6057564e+01
   1.9650000e+00   4.2825297e+01
   1.9700000e+00   4.1928183e+01
   1.9750000e+00   4.8047334e+01
   1.9800000e+00   4.0848677e+01
   1.9850000e+00   3.7634321e+01
   1.9900000e+00   4.7843301e+01
   1.9950000e+00   4.0758908e+01
   2.0000000e+00   4.8611143e+01
   2.0050000e+00   4.6002015e+01
   2.0100000e+00   4.8976782e+01
   2.0150000e+00   4.9046346e+01
   2.0200000e+00   4.9043585e+01
   2.0250000e+00   4.8087355e+01
   2.0300000e+00   4.8261261e+01
   2.0350000e+00   4.6955198e+01
   2.0400000e+00   4.4320185e+01
   2.0450000e+00   4.6426415e+01
   2.0500000e+00   4.7435580e+01
   2.0550000e+00   4.3918773e+01
   2.0600000e+00   4.7614701e+01
   2.0650000e+00   4.4130523e+01
   2.0700000e+00   5.3625289e+01
   2.0750000e+00   4.6824349e+01
   2.0800000e+00   4.7389800e+01
   2.0850000e+00   4.9886881e+01
   2.0900000e+00   4.6183110e+01
   2.0950000e+00   4.9383758e+01
   2.1000000e+00   5.0741933e+01
   2.1050000e+00   4.8954220e+01
   2.1100000e+00   5.3044118e+01
   2.1150000e+00   4.9517082e+01
   2.1200000e+00   5.1918209e+01
   2.1250000e+00   5.3230638e+01
   2.1300000e+00   5.1797195e+01
   2.1350000e+00   5.4770759e+01
   2.1400000e+00   5.1068548e+01
   2.1450000e+00   5.5049605e+01
   2.1500000e+00   5.1506407e+01
   2.1550000e+00   5.3591941e+01
   2.1600000e+00   5.4039977e+01
   2.1650000e+00   5.0281364e+01
   2.1700000e+00   6.0314875e+01
   2.1750000e+00   5.3661052e+01
   2.1800000e+00   5.1590388e+01
   2.1850000e+00   5.2883419e+01
   2.1900000e+00   5.2405433e+01
   2.1950000e+00   5.6044678e+01
   2.2000000e+00   5.8988530e+01
   2.2050000e+00   5.6144203e+01
   2.2100000e+00   5.3360055e+01
   2.2150000e+00   5.5621276e+01
   2.2200000e+00   5.5314117e+01
   2.2250000e+00   4.7741450e+01
   2.2300000e+00   6.1234093e+01
   2.2350000e+00   5.5903971e+01
   2.2400000e+00   5.7896087e+01
   2.2450000e+00   5.6594788e+01
   2.2500000e+00   5.5269356e+01
   2.2550000e+00   6.0409751e+01
   2.2600000e+00   5.6966393e+01
   2.2650000e+00   6.1904100e+01
   2.2700000e+00   6.3351399e+01
   2.2750000e+00   5.3129803e+01
   2.2800000e+00   6.0766502e+01
   2.2850000e+00   6.0352471e+01
   2.2900000e+00   5.4445366e+01
   2.2950000e+00   6.2711232e+01
   2.3000000e+00   6.2985191e+01
   2.3050000e+00   6.2550087e+01
   2.3100000e+00   6.3752735e+01
   2.3150000e+00   5.9352538e+01
   2.3200000e+00   5.6210060e+01
   2.3250000e+00   6.0646528e+01
   2.3300000e+00   6.4891824e+01
   2.3350000e+00   6.7309755e+01
   2.3400000e+00   6.2039223e+01
   2.3450000e+00   6.6996647e+01
   2.3500000e+00   6.7578012e+01
   2.3550000e+00   6.0441549e+01
   2.3600000e+00   6.5580913e+01
   2.3650000e+00   6.5715654e+01
   2.3700000e+00   6.7889747e+01
   2.3750000e+00   6.4501612e+01
   2.3800000e+00   6.0321292e+01
   2.3850000e+00   6.4287641e+01
   2.3900000e+00   6.5195590e+01
   2.3950000e+00   6.3366178e+01
   2.4000000e+00   6.8825326e+01
   2.4050000e+00   6.7273442e+01
   2.4100000e+00   6.7317964e+01
   2.4150000e+00   7.1784727e+01
   2.4200000e+00   6.9064295e+01
   2.4250000e+00   6.9420986e+01
   2.4300000e+00   6.9302722e+01
   2.4350000e+00   7.1483146e+01
   2.4400000e+00   7.0218841e+01
   2.4450000e+00   7.0753064e+01
   2.4500000e+00   6.8415400e+01
   2.4550000e+00   7.2716627e+01
   2.4600000e+00   6.6906324e+01
   2.4650000e+00   7.4977550e+01
   2.4700000e+00   7.2152118e+01
   2.4750000e+00   7.1329957e+01
   2.4800000e+00   7.4380825e+01
   2.4850000e+00   7.5023979e+01
   2.4900000e+00   6.7366774e+01
   2.4950000e+00   7.0578554e+01
   2.5000000e+00   7.3063192e+01
