   0.0000000e+00   4.1181056e+00
   3.0000000e-03   5.9141285e+00
   6.0000000e-03   9.6979074e+00
   9.0000000e-03   8.1487039e+00
   1.2000000e-02   6.4449458e+00
   1.5000000e-02   4.3459439e+00
   1.8000000e-02   7.6971684e+00
   2.1000000e-02   8.7561399e+00
   2.4000000e-02   7.0203537e+00
   2.7000000e-02   6.4773069e+00
   3.0000000e-02   3.8652842e+00
   3.3000000e-02   8.6810483e+00
   3.6000000e-02   6.8781653e+00
   3.9000000e-02   6.2626329e+00
   4.2000000e-02   1.3127597e+01
   4.5000000e-02   1.3716613e+01
   4.8000000e-02   1.0886429e+01
   5.1000000e-02   3.7871332e+00
   5.4000000e-02   8.0865090e+00
   5.7000000e-02   1.0112878e+01
   6.0000000e-02   1.0407429e+01
   6.3000000e-02   1.1595747e+01
   6.6000000e-02   1.0136471e+01
   6.9000000e-02   9.2378836e+00
   7.2000000e-02   8.2964178e+00
   7.5000000e-02   3.5321843e+00
   7.8000000e-02   6.5096428e+00
   8.1000000e-02   1.1715166e+01
   8.4000000e-02   1.2171028e+01
   8.7000000e-02   7.0269053e+00
   9.0000000e-02   5.7818113e+00
   9.3000000e-02   9.9452541e+00
   9.6000000e-02   1.0034317e+01
   9.9000000e-02   1.1055764e+01
   1.0200000e-01   1.2705320e+01
   1.0500000e-01   1.0961561e+01
   1.0800000e-01   1.2875030e+01
   1.1100000e-01   9.4531426e+00
   1.1400000e-01   1.2518934e+01
   1.1700000e-01   9.6057347e+00
   1.2000000e-01   9.5214651e+00
   1.2300000e-01   4.3330115e+00
   1.2600000e-01   7.5244609e+00
   1.2900000e-01   1.3376237e+01
   1.3200000e-01   1.1326755e+01
   1.3500000e-01   1.1138551e+01
   1.3800000e-01   1.2919009e+01
   1.4100000e-01   8.9067262e+00
   1.4400000e-01   6.4621986e+00
   1.4700000e-01   1.3875704e+01
   1.5000000e-01   1.1999800e+01
   1.5300000e-01   6.7091996e+00
   1.5600000e-01   6.3000988e+00
   1.5900000e-01   1.0815250e+01
   1.6200000e-01   8.0763934e+00
   1.6500000e-01   1.3158895e+01
   1.6800000e-01   1.3143077e+01
   1.7100000e-01   8.0839736e+00
   1.7400000e-01   1.0840265e+01
   1.7700000e-01   9.2743239e+00
   1.8000000e-01   1.0313195e+01
   1.8300000e-01   1.1533367e+01
   1.8600000e-01   9.5646850e+00
   1.8900000e-01   2.0192802e+01
   1.9200000e-01   1.5740453e+01
   1.9500000e-01   1.9608058e+01
   1.9800000e-01   9.1181689e+00
   2.0100000e-01   1.1651111e+01
   2.0400000e-01   1.1424327e+01
   2.0700000e-01   1.0159987e+01
   2.1000000e-01   4.7747212e+00
   2.1300000e-01   1.3197068e+01
   2.1600000e-01   1.2741435e+01
   2.1900000e-01   1.4053187e+01
   2.2200000e-01   1.6271459e+01
   2.2500000e-01   1.3851392e+01
   2.2800000e-01   1.7707800e+01
   2.3100000e-01   1.1651581e+01
   2.3400000e-01   1.6121086e+01
   2.3700000e-01   1.4622414e+01
   2.4000000e-01   1.2683922e+01
   2.4300000e-01   1.0784548e+01
   2.4600000e-01   1.4156652e+01
   2.4900000e-01   1.9679051e+01
   2.5200000e-01   1.4910577e+01
   2.5500000e-01   1.7714043e+01
   2.5800000e-01   1.6941718e+01
   2.6100000e-01   1.3252079e+01
   2.6400000e-01   8.7964685e+00
   2.6700000e-01   1.9406929e+01
   2.7000000e-01   1.0930898e+01
   2.7300000e-01   1.1704753e+01
   2.7600000e-01   1.3118702e+01
   2.7900000e-01   8.2063307e+00
   2.8200000e-01   2.0630231e+01
   2.8500000e-01   1.4588495e+01
   2.8800000e-01   8.1682033e+00
   2.9100000e-01   1.4440386e+01
   2.9400000e-01   1.5715522e+01
   2.9700000e-01   1.8651566e+01
   3.0000000e-01   8.0651811e+00
   3.0300000e-01   1.9470924e+01
   3.0600000e-01   1.9229168e+01
   3.0900000e-01   1.7913073e+01
   3.1200000e-01   1.8851020e+01
   3.1500000e-01   2.1288545e+01
   3.1800000e-01   1.8348786e+01
   3.2100000e-01   1.2160495e+01
   3.2400000e-01   1.8610989e+01
   3.2700000e-01   1.6345554e+01
   3.3000000e-01   1.7176612e+01
   3.3300000e-01   1.5622201e+01
   3.3600000e-01   1.6546601e+01
   3.3900000e-01   1.7383523e+01
   3.4200000e-01   1.2701147e+01
   3.4500000e-01   2.1140058e+01
   3.4800000e-01   1.3412679e+01
   3.5100000e-01   1.9759229e+01
   3.5400000e-01   2.1694316e+01
   3.5700000e-01   2.0030489e+01
   3.6000000e-01   1.5755617e+01
   3.6300000e-01   2.0023788e+01
   3.6600000e-01   1.8186549e+01
   3.6900000e-01   1.6123950e+01
   3.7200000e-01   1.0225697e+01
   3.7500000e-01   1.6983534e+01
   3.7800000e-01   2.2871216e+01
   3.8100000e-01   1.8562308e+01
   3.8400000e-01   2.0526321e+01
   3.8700000e-01   1.7432201e+01
   3.9000000e-01   2.0206465e+01
   3.9300000e-01   1.9378772e+01
   3.9600000e-01   2.1280539e+01
   3.9900000e-01   1.9095470e+01
   4.0200000e-01   1.4941682e+01
   4.0500000e-01   2.5340882e+01
   4.0800000e-01   2.0738857e+01
   4.1100000e-01   2.5361197e+01
   4.1400000e-01   2.5766456e+01
   4.1700000e-01   1.7171471e+01
   4.2000000e-01   2.0637342e+01
   4.2300000e-01   2.1279409e+01
   4.2600000e-01   2.3342459e+01
   4.2900000e-01   2.2134971e+01
   4.3200000e-01   2.3174489e+01
   4.3500000e-01   2.5848696e+01
   4.3800000e-01   2.1732054e+01
   4.4100000e-01   2.3562424e+01
   4.4400000e-01   2.4523286e+01
   4.4700000e-01   2.0463649e+01
   4.5000000e-01   2.2868613e+01
   4.5300000e-01   1.9391963e+01
   4.5600000e-01   1.6867222e+01
   4.5900000e-01   2.4533037e+01
   4.6200000e-01   2.5641560e+01
   4.6500000e-01   2.5939270e+01
   4.6800000e-01   2.6944579e+01
   4.7100000e-01   2.3681682e+01
   4.7400000e-01   2.4336429e+01
   4.7700000e-01   2.3289003e+01
   4.8000000e-01   2.6063804e+01
   4.8300000e-01   2.9180688e+01
   4.8600000e-01   2.7711275e+01
   4.8900000e-01   2.6087239e+01
   4.9200000e-01   3.2469674e+01
   4.9500000e-01   3.0536367e+01
   4.9800000e-01   2.2153823e+01
   5.0100000e-01   2.9153321e+01
   5.0400000e-01   2.5862189e+01
   5.0700000e-01   2.7546966e+01
   5.1000000e-01   2.6326342e+01
   5.1300000e-01   2.5055551e+01
   5.1600000e-01   2.3679395e+01
   5.1900000e-01   2.0380392e+01
   5.2200000e-01   2.9619203e+01
   5.2500000e-01   2.2957407e+01
   5.2800000e-01   2.9984631e+01
   5.3100000e-01   2.7404001e+01
   5.3400000e-01   2.8397723e+01
   5.3700000e-01   2.7324265e+01
   5.4000000e-01   3.1971840e+01
   5.4300000e-01   3.2331424e+01
   5.4600000e-01   3.1286208e+01
   5.4900000e-01   2.9075463e+01
   5.5200000e-01   3.1953328e+01
   5.5500000e-01   2.5756137e+01
   5.5800000e-01   3.3805734e+01
   5.6100000e-01   2.7668464e+01
   5.6400000e-01   3.2155084e+01
   5.6700000e-01   2.7462420e+01
   5.7000000e-01   2.9492236e+01
   5.7300000e-01   2.9561826e+01
   5.7600000e-01   2.8476112e+01
   5.7900000e-01   3.3047868e+01
   5.8200000e-01   3.2186624e+01
   5.8500000e-01   3.1800226e+01
   5.8800000e-01   3.1231172e+01
   5.9100000e-01   3.2116561e+01
   5.9400000e-01   3.5433925e+01
   5.9700000e-01   3.2475837e+01
   6.0000000e-01   3.6463557e+01
   6.0300000e-01   3.4961115e+01
   6.0600000e-01   3.7125517e+01
   6.0900000e-01   2.8845046e+01
   6.1200000e-01   3.2562283e+01
   6.1500000e-01   3.8464102e+01
   6.1800000e-01   3.2292086e+01
   6.2100000e-01   3.6820721e+01
   6.2400000e-01   3.9174416e+01
   6.2700000e-01   3.1222093e+01
   6.3000000e-01   3.7296666e+01
   6.3300000e-01   3.2690610e+01
   6.3600000e-01   3.1466087e+01
   6.3900000e-01   3.8118458e+01
   6.4200000e-01   3.4783992e+01
   6.4500000e-01   3.3166577e+01
   6.4800000e-01   3.5410610e+01
   6.5100000e-01   4.2116925e+01
   6.5400000e-01   3.5132562e+01
   6.5700000e-01   4.1161179e+01
   6.6000000e-01   4.1926669e+01
   6.6300000e-01   3.5855202e+01
   6.6600000e-01   3.7132542e+01
   6.6900000e-01   3.1768143e+01
   6.7200000e-01   3.8346776e+01
   6.7500000e-01   4.2585861e+01
   6.7800000e-01   4.0924800e+01
   6.8100000e-01   3.8713398e+01
   6.8400000e-01   3.8961391e+01
   6.8700000e-01   4.4440449e+01
   6.9000000e-01   3.7533913e+01
   6.9300000e-01   4.0630362e+01
   6.9600000e-01   4.0168157e+01
   6.9900000e-01   3.9682608e+01
   7.0200000e-01   3.9999030e+01
   7.0500000e-01   4.1019768e+01
   7.0800000e-01   4.0619981e+01
   7.1100000e-01   4.3747627e+01
   7.1400000e-01   4.5437027e+01
   7.1700000e-01   4.6287319e+01
   7.2000000e-01   4.1154016e+01
   7.2300000e-01   4.4056082e+01
   7.2600000e-01   4.5595020e+01
   7.2900000e-01   4.2519434e+01
   7.3200000e-01   4.6489301e+01
   7.3500000e-01   4.3887765e+01
   7.3800000e-01   4.5392679e+01
   7.4100000e-01   4.5527800e+01
   7.4400000e-01   4.5512323e+01
   7.4700000e-01   4.7815866e+01
   7.5000000e-01   4.8267513e+01
   7.5300000e-01   4.7867492e+01
   7.5600000e-01   4.7989107e+01
   7.5900000e-01   4.4644542e+01
   7.6200000e-01   5.1613512e+01
   7.6500000e-01   5.0538760e+01
   7.6800000e-01   5.1411548e+01
   7.7100000e-01   4.8497204e+01
   7.7400000e-01   5.1061779e+01
   7.7700000e-01   4.9293196e+01
   7.8000000e-01   4.7853797e+01
   7.8300000e-01   5.4493452e+01
   7.8600000e-01   5.1461579e+01
   7.8900000e-01   5.3175128e+01
   7.9200000e-01   5.2415962e+01
   7.9500000e-01   5.2900270e+01
   7.9800000e-01   5.3334324e+01
