   1.0000000e+00   8.1497825e+00
   1.0100000e+00   8.0331135e+00
   1.0200000e+00   7.6647343e+00
   1.0300000e+00   7.7035585e+00
   1.0400000e+00   7.1365915e+00
   1.0500000e+00   6.4583666e+00
   1.0600000e+00   7.0427932e+00
   1.0700000e+00   6.6888839e+00
   1.0800000e+00   7.1807227e+00
   1.0900000e+00   6.8531683e+00
   1.1000000e+00   8.0488328e+00
   1.1100000e+00   8.0088370e+00
   1.1200000e+00   7.1955942e+00
   1.1300000e+00   6.0443819e+00
   1.1400000e+00   6.8251426e+00
   1.1500000e+00   7.4552213e+00
   1.1600000e+00   6.8541324e+00
   1.1700000e+00   7.3283557e+00
   1.1800000e+00   7.8058324e+00
   1.1900000e+00   6.9224436e+00
   1.2000000e+00   6.2789059e+00
   1.2100000e+00   6.8694927e+00
   1.2200000e+00   6.8551764e+00
   1.2300000e+00   6.6979675e+00
   1.2400000e+00   7.2576576e+00
   1.2500000e+00   6.2496619e+00
   1.2600000e+00   6.7051125e+00
   1.2700000e+00   5.9470909e+00
   1.2800000e+00   6.6748192e+00
   1.2900000e+00   6.5672005e+00
   1.3000000e+00   5.8102624e+00
   1.3100000e+00   6.6350708e+00
   1.3200000e+00   6.7411639e+00
   1.3300000e+00   7.3492686e+00
   1.3400000e+00   6.9567217e+00
   1.3500000e+00   6.3199793e+00
   1.3600000e+00   6.1945669e+00
   1.3700000e+00   5.9348214e+00
   1.3800000e+00   6.3727033e+00
   1.3900000e+00   5.7303142e+00
   1.4000000e+00   7.0933213e+00
   1.4100000e+00   6.7458167e+00
   1.4200000e+00   6.4078101e+00
   1.4300000e+00   6.8008032e+00
   1.4400000e+00   5.4861536e+00
   1.4500000e+00   6.6934117e+00
   1.4600000e+00   5.5812790e+00
   1.4700000e+00   6.3628596e+00
   1.4800000e+00   5.2521543e+00
   1.4900000e+00   6.0241215e+00
   1.5000000e+00   6.4235531e+00
   1.5100000e+00   6.4352048e+00
   1.5200000e+00   5.0498159e+00
   1.5300000e+00   7.4553578e+00
   1.5400000e+00   5.0921929e+00
   1.5500000e+00   4.8001109e+00
   1.5600000e+00   6.1268550e+00
   1.5700000e+00   5.9066693e+00
   1.5800000e+00   5.5133048e+00
   1.5900000e+00   6.4227412e+00
   1.6000000e+00   6.7401060e+00
   1.6100000e+00   4.9251795e+00
   1.6200000e+00   4.9687071e+00
   1.6300000e+00   6.0760007e+00
   1.6400000e+00   5.5972013e+00
   1.6500000e+00   5.5873091e+00
   1.6600000e+00   5.9392079e+00
   1.6700000e+00   6.1933048e+00
   1.6800000e+00   5.7700395e+00
   1.6900000e+00   6.0942674e+00
   1.7000000e+00   6.8238594e+00
   1.7100000e+00   4.2925812e+00
   1.7200000e+00   5.0092590e+00
   1.7300000e+00   5.9766539e+00
   1.7400000e+00   5.1584280e+00
   1.7500000e+00   5.5274395e+00
   1.7600000e+00   5.6157627e+00
   1.7700000e+00   5.2707734e+00
   1.7800000e+00   5.9427140e+00
   1.7900000e+00   6.0840605e+00
   1.8000000e+00   6.0067981e+00
   1.8100000e+00   5.9251380e+00
   1.8200000e+00   6.3716400e+00
   1.8300000e+00   5.5958889e+00
   1.8400000e+00   5.4983754e+00
   1.8500000e+00   5.2736902e+00
   1.8600000e+00   5.2268910e+00
   1.8700000e+00   5.3564064e+00
   1.8800000e+00   5.6883963e+00
   1.8900000e+00   5.6821111e+00
   1.9000000e+00   5.5133909e+00
   1.9100000e+00   6.6465031e+00
   1.9200000e+00   5.1668234e+00
   1.9300000e+00   5.5331845e+00
   1.9400000e+00   5.6395951e+00
   1.9500000e+00   4.4375045e+00
   1.9600000e+00   5.7734931e+00
   1.9700000e+00   4.9335571e+00
   1.9800000e+00   5.3904228e+00
   1.9900000e+00   6.0956639e+00
   2.0000000e+00   5.0992566e+00
   2.0100000e+00   6.1185646e+00
   2.0200000e+00   4.8278488e+00
   2.0300000e+00   5.1062917e+00
   2.0400000e+00   4.7935219e+00
   2.0500000e+00   5.5292361e+00
   2.0600000e+00   4.8233481e+00
   2.0700000e+00   5.1067729e+00
   2.0800000e+00   5.0920802e+00
   2.0900000e+00   5.3464048e+00
   2.1000000e+00   5.2819775e+00
   2.1100000e+00   5.0703340e+00
   2.1200000e+00   4.4839384e+00
   2.1300000e+00   5.0243040e+00
   2.1400000e+00   5.0866380e+00
   2.1500000e+00   4.5632358e+00
   2.1600000e+00   4.3482539e+00
   2.1700000e+00   5.4686329e+00
   2.1800000e+00   5.4607070e+00
   2.1900000e+00   4.3493594e+00
   2.2000000e+00   4.9434479e+00
   2.2100000e+00   5.4539870e+00
   2.2200000e+00   4.9122921e+00
   2.2300000e+00   4.9461570e+00
   2.2400000e+00   5.1603141e+00
   2.2500000e+00   5.3668315e+00
   2.2600000e+00   4.2081320e+00
   2.2700000e+00   5.8807408e+00
   2.2800000e+00   5.9646221e+00
   2.2900000e+00   5.4466510e+00
   2.3000000e+00   4.3467193e+00
   2.3100000e+00   4.6301379e+00
   2.3200000e+00   4.8988543e+00
   2.3300000e+00   4.8110946e+00
   2.3400000e+00   4.5388669e+00
   2.3500000e+00   4.9936314e+00
   2.3600000e+00   5.1535217e+00
   2.3700000e+00   4.8892095e+00
   2.3800000e+00   4.9433569e+00
   2.3900000e+00   5.2717971e+00
   2.4000000e+00   4.2615080e+00
   2.4100000e+00   4.5745373e+00
   2.4200000e+00   4.5362679e+00
   2.4300000e+00   5.7713325e+00
   2.4400000e+00   5.4961556e+00
   2.4500000e+00   4.7136923e+00
   2.4600000e+00   4.4160375e+00
   2.4700000e+00   5.1842045e+00
   2.4800000e+00   5.2335439e+00
   2.4900000e+00   5.4301290e+00
   2.5000000e+00   4.8853773e+00
   2.5100000e+00   4.9584378e+00
   2.5200000e+00   4.2162587e+00
   2.5300000e+00   5.0711146e+00
   2.5400000e+00   5.4463961e+00
   2.5500000e+00   4.9261236e+00
   2.5600000e+00   3.9504616e+00
   2.5700000e+00   4.1106214e+00
   2.5800000e+00   4.3920322e+00
   2.5900000e+00   5.3966456e+00
   2.6000000e+00   4.1733724e+00
   2.6100000e+00   4.6192013e+00
   2.6200000e+00   4.4565958e+00
   2.6300000e+00   4.4138789e+00
   2.6400000e+00   4.4032929e+00
   2.6500000e+00   4.7774159e+00
   2.6600000e+00   5.2637225e+00
   2.6700000e+00   4.4463697e+00
   2.6800000e+00   4.1969721e+00
   2.6900000e+00   4.6300590e+00
   2.7000000e+00   4.5641598e+00
   2.7100000e+00   4.1766724e+00
   2.7200000e+00   4.7820720e+00
   2.7300000e+00   5.2089380e+00
   2.7400000e+00   4.3236137e+00
   2.7500000e+00   4.0571021e+00
   2.7600000e+00   3.3189918e+00
   2.7700000e+00   4.7924151e+00
   2.7800000e+00   4.2083309e+00
   2.7900000e+00   5.1230460e+00
   2.8000000e+00   4.5091918e+00
   2.8100000e+00   4.5875379e+00
   2.8200000e+00   4.4140630e+00
   2.8300000e+00   3.5960996e+00
   2.8400000e+00   4.8626963e+00
   2.8500000e+00   4.4143851e+00
   2.8600000e+00   4.0592341e+00
   2.8700000e+00   4.6061553e+00
   2.8800000e+00   3.5139117e+00
   2.8900000e+00   3.8817042e+00
   2.9000000e+00   3.4721029e+00
   2.9100000e+00   5.3972012e+00
   2.9200000e+00   4.0419454e+00
   2.9300000e+00   4.2367899e+00
   2.9400000e+00   3.8700566e+00
   2.9500000e+00   4.5567225e+00
   2.9600000e+00   4.9562339e+00
   2.9700000e+00   4.2995828e+00
   2.9800000e+00   3.8567567e+00
   2.9900000e+00   4.8260898e+00
   3.0000000e+00   5.0789860e+00
   3.0100000e+00   4.4653072e+00
   3.0200000e+00   3.3762114e+00
   3.0300000e+00   3.9120082e+00
   3.0400000e+00   4.8817896e+00
   3.0500000e+00   4.5184121e+00
   3.0600000e+00   3.9278497e+00
   3.0700000e+00   4.2228556e+00
   3.0800000e+00   4.4848083e+00
   3.0900000e+00   4.2491498e+00
   3.1000000e+00   4.8040173e+00
   3.1100000e+00   4.2850082e+00
   3.1200000e+00   2.9005261e+00
   3.1300000e+00   3.9136031e+00
   3.1400000e+00   3.1629321e+00
   3.1500000e+00   3.8885475e+00
   3.1600000e+00   4.6490164e+00
   3.1700000e+00   4.0521143e+00
   3.1800000e+00   4.2003018e+00
   3.1900000e+00   4.4564832e+00
   3.2000000e+00   4.2139881e+00
   3.2100000e+00   4.7394755e+00
   3.2200000e+00   3.4562294e+00
   3.2300000e+00   4.7683387e+00
   3.2400000e+00   3.3017637e+00
   3.2500000e+00   3.2456007e+00
   3.2600000e+00   4.3211263e+00
   3.2700000e+00   4.0610205e+00
   3.2800000e+00   5.0348988e+00
   3.2900000e+00   4.4964482e+00
   3.3000000e+00   3.6101637e+00
   3.3100000e+00   4.3898374e+00
   3.3200000e+00   3.5713609e+00
   3.3300000e+00   3.0774912e+00
   3.3400000e+00   4.2576683e+00
   3.3500000e+00   3.2273292e+00
   3.3600000e+00   4.6937946e+00
   3.3700000e+00   3.4493562e+00
   3.3800000e+00   3.8247454e+00
   3.3900000e+00   3.5198283e+00
   3.4000000e+00   4.6250805e+00
   3.4100000e+00   3.8288626e+00
   3.4200000e+00   4.1008973e+00
   3.4300000e+00   4.4053132e+00
   3.4400000e+00   3.7687654e+00
   3.4500000e+00   4.8676410e+00
   3.4600000e+00   4.2758490e+00
   3.4700000e+00   3.7718958e+00
   3.4800000e+00   3.3993208e+00
   3.4900000e+00   4.0078285e+00
   3.5000000e+00   3.5822521e+00
   3.5100000e+00   3.8707417e+00
   3.5200000e+00   4.0371329e+00
   3.5300000e+00   5.1310992e+00
   3.5400000e+00   2.7336580e+00
   3.5500000e+00   4.4853330e+00
   3.5600000e+00   4.1302010e+00
   3.5700000e+00   4.6019902e+00
   3.5800000e+00   3.8937244e+00
   3.5900000e+00   4.4218125e+00
   3.6000000e+00   4.1920390e+00
   3.6100000e+00   3.9758838e+00
   3.6200000e+00   3.9371907e+00
   3.6300000e+00   3.3798728e+00
   3.6400000e+00   3.8853925e+00
   3.6500000e+00   3.6538556e+00
   3.6600000e+00   3.7913204e+00
   3.6700000e+00   4.4403225e+00
   3.6800000e+00   4.6177807e+00
   3.6900000e+00   4.1300403e+00
   3.7000000e+00   3.5948634e+00
   3.7100000e+00   4.5017095e+00
   3.7200000e+00   3.8432650e+00
   3.7300000e+00   3.4254565e+00
   3.7400000e+00   4.5646111e+00
   3.7500000e+00   4.3829059e+00
   3.7600000e+00   4.2955271e+00
   3.7700000e+00   4.2958867e+00
   3.7800000e+00   4.1850715e+00
   3.7900000e+00   3.9217752e+00
   3.8000000e+00   3.8657649e+00
   3.8100000e+00   3.5038903e+00
   3.8200000e+00   3.7680215e+00
   3.8300000e+00   3.6088150e+00
   3.8400000e+00   3.9656334e+00
   3.8500000e+00   3.9566481e+00
   3.8600000e+00   3.9971906e+00
   3.8700000e+00   3.6004045e+00
   3.8800000e+00   3.9944117e+00
   3.8900000e+00   3.7596869e+00
   3.9000000e+00   3.9201290e+00
   3.9100000e+00   4.0800405e+00
   3.9200000e+00   4.0004226e+00
   3.9300000e+00   3.9045805e+00
   3.9400000e+00   2.6652424e+00
   3.9500000e+00   4.3634839e+00
   3.9600000e+00   3.9377741e+00
   3.9700000e+00   3.5252207e+00
   3.9800000e+00   3.6549622e+00
   3.9900000e+00   4.3073429e+00
   4.0000000e+00   3.7828876e+00
   4.0100000e+00   3.5023027e+00
   4.0200000e+00   4.0299750e+00
   4.0300000e+00   4.2797082e+00
   4.0400000e+00   3.7511404e+00
   4.0500000e+00   3.6113293e+00
   4.0600000e+00   4.8160527e+00
   4.0700000e+00   2.5717439e+00
   4.0800000e+00   3.7026482e+00
   4.0900000e+00   2.9820039e+00
   4.1000000e+00   2.7609135e+00
   4.1100000e+00   2.9414804e+00
   4.1200000e+00   4.5100161e+00
   4.1300000e+00   2.9488883e+00
   4.1400000e+00   3.8252862e+00
   4.1500000e+00   3.5267964e+00
   4.1600000e+00   3.3088563e+00
   4.1700000e+00   4.2696664e+00
   4.1800000e+00   3.8918298e+00
   4.1900000e+00   3.7566407e+00
   4.2000000e+00   3.9192545e+00
   4.2100000e+00   4.4333221e+00
   4.2200000e+00   4.1514618e+00
   4.2300000e+00   3.3537528e+00
   4.2400000e+00   3.2800546e+00
   4.2500000e+00   3.6554123e+00
   4.2600000e+00   3.8219864e+00
   4.2700000e+00   3.3083867e+00
   4.2800000e+00   3.7494784e+00
   4.2900000e+00   3.5031900e+00
   4.3000000e+00   3.4422831e+00
   4.3100000e+00   4.1027204e+00
   4.3200000e+00   4.4544178e+00
   4.3300000e+00   4.0209658e+00
   4.3400000e+00   3.7999632e+00
   4.3500000e+00   3.6139181e+00
   4.3600000e+00   3.8292996e+00
   4.3700000e+00   2.9363683e+00
   4.3800000e+00   4.2032178e+00
   4.3900000e+00   3.4441309e+00
   4.4000000e+00   3.4482179e+00
   4.4100000e+00   3.8862854e+00
   4.4200000e+00   2.4368188e+00
   4.4300000e+00   3.1032330e+00
   4.4400000e+00   3.3868556e+00
   4.4500000e+00   2.8392796e+00
   4.4600000e+00   4.4479525e+00
   4.4700000e+00   3.5327251e+00
   4.4800000e+00   3.8962314e+00
   4.4900000e+00   3.2542728e+00
   4.5000000e+00   3.3794035e+00
   4.5100000e+00   3.8287850e+00
   4.5200000e+00   2.9766364e+00
   4.5300000e+00   4.4914459e+00
   4.5400000e+00   3.7507687e+00
   4.5500000e+00   3.5814064e+00
   4.5600000e+00   3.5674839e+00
   4.5700000e+00   4.2165460e+00
   4.5800000e+00   3.0048696e+00
   4.5900000e+00   2.7340444e+00
   4.6000000e+00   2.7912103e+00
   4.6100000e+00   2.9042633e+00
   4.6200000e+00   3.9788683e+00
   4.6300000e+00   2.6961841e+00
   4.6400000e+00   3.4573798e+00
   4.6500000e+00   2.9028570e+00
   4.6600000e+00   3.3219636e+00
   4.6700000e+00   3.0855242e+00
   4.6800000e+00   3.0777639e+00
   4.6900000e+00   3.0490298e+00
   4.7000000e+00   3.3332367e+00
   4.7100000e+00   2.3604160e+00
   4.7200000e+00   3.4696265e+00
   4.7300000e+00   2.9400516e+00
   4.7400000e+00   3.9157679e+00
   4.7500000e+00   4.1861918e+00
   4.7600000e+00   2.9162964e+00
   4.7700000e+00   3.8241626e+00
   4.7800000e+00   3.8814183e+00
   4.7900000e+00   2.8226264e+00
   4.8000000e+00   3.5693125e+00
   4.8100000e+00   2.9510005e+00
   4.8200000e+00   4.2308883e+00
   4.8300000e+00   3.3476830e+00
   4.8400000e+00   3.3443688e+00
   4.8500000e+00   3.3194689e+00
   4.8600000e+00   4.2935301e+00
   4.8700000e+00   2.7924689e+00
   4.8800000e+00   2.7277050e+00
   4.8900000e+00   3.2011139e+00
   4.9000000e+00   3.6781430e+00
   4.9100000e+00   2.8426169e+00
   4.9200000e+00   3.0108049e+00
   4.9300000e+00   3.0978875e+00
   4.9400000e+00   3.2725857e+00
   4.9500000e+00   3.7446205e+00
   4.9600000e+00   3.1159287e+00
   4.9700000e+00   3.9763325e+00
   4.9800000e+00   3.1804246e+00
   4.9900000e+00   4.0041772e+00
   5.0000000e+00   2.4495114e+00
   5.0100000e+00   3.2286106e+00
   5.0200000e+00   3.9426081e+00
   5.0300000e+00   3.8274810e+00
   5.0400000e+00   3.8562264e+00
   5.0500000e+00   3.4275448e+00
   5.0600000e+00   4.2037228e+00
   5.0700000e+00   3.4701565e+00
   5.0800000e+00   2.4479852e+00
   5.0900000e+00   3.0347074e+00
   5.1000000e+00   2.5283064e+00
   5.1100000e+00   3.4367908e+00
   5.1200000e+00   3.4320979e+00
   5.1300000e+00   3.3303246e+00
   5.1400000e+00   2.4365012e+00
   5.1500000e+00   3.0576305e+00
   5.1600000e+00   2.6340122e+00
   5.1700000e+00   2.9702003e+00
   5.1800000e+00   3.2537445e+00
   5.1900000e+00   3.4183748e+00
   5.2000000e+00   3.6443633e+00
   5.2100000e+00   3.5702834e+00
   5.2200000e+00   2.9842376e+00
   5.2300000e+00   3.4311218e+00
   5.2400000e+00   3.9133119e+00
   5.2500000e+00   3.2214975e+00
   5.2600000e+00   3.9315240e+00
   5.2700000e+00   2.9873570e+00
   5.2800000e+00   3.9186821e+00
   5.2900000e+00   3.0117194e+00
   5.3000000e+00   3.3151888e+00
   5.3100000e+00   2.7893783e+00
   5.3200000e+00   2.7818697e+00
   5.3300000e+00   2.7809883e+00
   5.3400000e+00   2.3853874e+00
   5.3500000e+00   2.5028726e+00
   5.3600000e+00   3.1703025e+00
   5.3700000e+00   3.1628817e+00
   5.3800000e+00   3.5713081e+00
   5.3900000e+00   3.3404190e+00
   5.4000000e+00   3.0620803e+00
   5.4100000e+00   3.1049786e+00
   5.4200000e+00   2.8353105e+00
   5.4300000e+00   2.6564076e+00
   5.4400000e+00   2.9232141e+00
   5.4500000e+00   2.7196317e+00
   5.4600000e+00   3.1008573e+00
   5.4700000e+00   2.8491520e+00
   5.4800000e+00   3.1006863e+00
   5.4900000e+00   2.4060164e+00
   5.5000000e+00   3.3013520e+00
   5.5100000e+00   2.3365647e+00
   5.5200000e+00   2.8381188e+00
   5.5300000e+00   3.5016147e+00
   5.5400000e+00   4.6335314e+00
   5.5500000e+00   2.3524586e+00
   5.5600000e+00   2.7623404e+00
   5.5700000e+00   2.4494037e+00
   5.5800000e+00   3.1456710e+00
   5.5900000e+00   3.0416838e+00
   5.6000000e+00   3.3595396e+00
   5.6100000e+00   3.3300411e+00
   5.6200000e+00   3.3498622e+00
   5.6300000e+00   2.7686075e+00
   5.6400000e+00   3.0732608e+00
   5.6500000e+00   2.6418862e+00
   5.6600000e+00   2.1461208e+00
   5.6700000e+00   2.4173774e+00
   5.6800000e+00   3.5492667e+00
   5.6900000e+00   3.3944469e+00
   5.7000000e+00   3.7508867e+00
   5.7100000e+00   2.8407043e+00
   5.7200000e+00   2.8108064e+00
   5.7300000e+00   2.7101315e+00
   5.7400000e+00   3.5841879e+00
   5.7500000e+00   2.7483339e+00
   5.7600000e+00   2.9750057e+00
   5.7700000e+00   3.1822091e+00
   5.7800000e+00   2.8953394e+00
   5.7900000e+00   3.8113300e+00
   5.8000000e+00   3.5277018e+00
   5.8100000e+00   2.9344669e+00
   5.8200000e+00   3.3522430e+00
   5.8300000e+00   3.5153071e+00
   5.8400000e+00   3.1344918e+00
   5.8500000e+00   2.5836002e+00
   5.8600000e+00   3.7185830e+00
   5.8700000e+00   3.5204541e+00
   5.8800000e+00   2.7118777e+00
   5.8900000e+00   2.2004531e+00
   5.9000000e+00   2.4828911e+00
   5.9100000e+00   3.3436798e+00
   5.9200000e+00   3.6113628e+00
   5.9300000e+00   2.6067676e+00
   5.9400000e+00   3.0045403e+00
   5.9500000e+00   2.7711385e+00
   5.9600000e+00   2.8561397e+00
   5.9700000e+00   2.3244352e+00
   5.9800000e+00   3.0096215e+00
   5.9900000e+00   2.7277990e+00
   6.0000000e+00   2.9712870e+00
   6.0100000e+00   3.4714269e+00
   6.0200000e+00   3.0665106e+00
   6.0300000e+00   3.1956323e+00
   6.0400000e+00   3.7542905e+00
   6.0500000e+00   2.5153568e+00
   6.0600000e+00   2.5102480e+00
   6.0700000e+00   3.4782717e+00
   6.0800000e+00   2.2037417e+00
   6.0900000e+00   3.6758237e+00
   6.1000000e+00   2.6513583e+00
   6.1100000e+00   2.6129952e+00
   6.1200000e+00   2.9358322e+00
   6.1300000e+00   2.6817342e+00
   6.1400000e+00   2.8309129e+00
   6.1500000e+00   1.8882418e+00
   6.1600000e+00   2.9740016e+00
   6.1700000e+00   3.3782615e+00
   6.1800000e+00   3.5708210e+00
   6.1900000e+00   3.1380748e+00
   6.2000000e+00   2.1735146e+00
   6.2100000e+00   2.6729204e+00
   6.2200000e+00   1.9932322e+00
   6.2300000e+00   3.5417194e+00
   6.2400000e+00   2.8534597e+00
   6.2500000e+00   3.3936138e+00
   6.2600000e+00   2.8154008e+00
   6.2700000e+00   3.2709228e+00
   6.2800000e+00   2.4565171e+00
   6.2900000e+00   2.5394650e+00
   6.3000000e+00   3.1789237e+00
   6.3100000e+00   2.3416983e+00
   6.3200000e+00   2.8457149e+00
   6.3300000e+00   2.8432200e+00
   6.3400000e+00   3.4397461e+00
   6.3500000e+00   2.9240250e+00
   6.3600000e+00   2.0762132e+00
   6.3700000e+00   2.5128977e+00
   6.3800000e+00   2.7968152e+00
   6.3900000e+00   3.3556118e+00
   6.4000000e+00   2.9137839e+00
   6.4100000e+00   3.4300260e+00
   6.4200000e+00   2.7304485e+00
   6.4300000e+00   2.4550785e+00
   6.4400000e+00   2.9699800e+00
   6.4500000e+00   2.3924865e+00
   6.4600000e+00   2.7092545e+00
   6.4700000e+00   3.6876101e+00
   6.4800000e+00   3.5564707e+00
   6.4900000e+00   3.8972348e+00
   6.5000000e+00   2.9705455e+00
   6.5100000e+00   1.8155606e+00
   6.5200000e+00   2.6987219e+00
   6.5300000e+00   2.2329373e+00
   6.5400000e+00   2.8972311e+00
   6.5500000e+00   2.9648928e+00
   6.5600000e+00   1.7070363e+00
   6.5700000e+00   2.9938272e+00
   6.5800000e+00   2.6948966e+00
   6.5900000e+00   2.2476642e+00
   6.6000000e+00   2.1788292e+00
   6.6100000e+00   2.9097581e+00
   6.6200000e+00   2.8245550e+00
   6.6300000e+00   3.9592187e+00
   6.6400000e+00   2.6453147e+00
   6.6500000e+00   2.5839075e+00
   6.6600000e+00   3.0717406e+00
   6.6700000e+00   1.5658903e+00
   6.6800000e+00   3.3360220e+00
   6.6900000e+00   2.6198065e+00
   6.7000000e+00   2.0092841e+00
   6.7100000e+00   2.5948377e+00
   6.7200000e+00   3.1330711e+00
   6.7300000e+00   2.9505106e+00
   6.7400000e+00   2.2343543e+00
   6.7500000e+00   3.3082074e+00
   6.7600000e+00   3.0263594e+00
   6.7700000e+00   2.9001794e+00
   6.7800000e+00   2.9733557e+00
   6.7900000e+00   3.6957034e+00
   6.8000000e+00   3.2030929e+00
   6.8100000e+00   2.1185667e+00
   6.8200000e+00   3.1079103e+00
   6.8300000e+00   2.3570665e+00
   6.8400000e+00   3.0334580e+00
   6.8500000e+00   2.6865651e+00
   6.8600000e+00   2.8467337e+00
   6.8700000e+00   2.9708723e+00
   6.8800000e+00   1.9892566e+00
   6.8900000e+00   3.6058408e+00
   6.9000000e+00   2.3913506e+00
   6.9100000e+00   2.5243025e+00
   6.9200000e+00   2.7739139e+00
   6.9300000e+00   1.8153733e+00
   6.9400000e+00   2.7569138e+00
   6.9500000e+00   2.5090808e+00
   6.9600000e+00   2.4888756e+00
   6.9700000e+00   2.7133872e+00
   6.9800000e+00   3.0626585e+00
   6.9900000e+00   2.5642688e+00
   7.0000000e+00   2.3153995e+00
   7.0100000e+00   2.4688580e+00
   7.0200000e+00   3.2979734e+00
   7.0300000e+00   3.3543797e+00
   7.0400000e+00   2.4388414e+00
   7.0500000e+00   3.2114629e+00
   7.0600000e+00   3.2499257e+00
   7.0700000e+00   2.8658440e+00
   7.0800000e+00   2.4858236e+00
   7.0900000e+00   2.9263877e+00
   7.1000000e+00   3.7438934e+00
   7.1100000e+00   4.1313268e+00
   7.1200000e+00   2.4710611e+00
   7.1300000e+00   2.8874000e+00
   7.1400000e+00   2.7229262e+00
   7.1500000e+00   2.9399537e+00
   7.1600000e+00   1.8365114e+00
   7.1700000e+00   2.6853066e+00
   7.1800000e+00   2.5699215e+00
   7.1900000e+00   3.0967440e+00
   7.2000000e+00   2.3234313e+00
   7.2100000e+00   2.7307606e+00
   7.2200000e+00   3.2422347e+00
   7.2300000e+00   3.0260037e+00
   7.2400000e+00   1.4914999e+00
   7.2500000e+00   2.9721134e+00
   7.2600000e+00   2.7114513e+00
   7.2700000e+00   3.2125834e+00
   7.2800000e+00   2.0184145e+00
   7.2900000e+00   3.0411769e+00
   7.3000000e+00   3.4801339e+00
   7.3100000e+00   2.4573486e+00
   7.3200000e+00   2.9531663e+00
   7.3300000e+00   1.5698427e+00
   7.3400000e+00   2.3207093e+00
   7.3500000e+00   3.1750808e+00
   7.3600000e+00   2.8828165e+00
   7.3700000e+00   3.0760857e+00
   7.3800000e+00   2.7150340e+00
   7.3900000e+00   3.3914914e+00
   7.4000000e+00   1.9876070e+00
   7.4100000e+00   3.4692679e+00
   7.4200000e+00   2.3523121e+00
   7.4300000e+00   2.9860631e+00
   7.4400000e+00   2.2423502e+00
   7.4500000e+00   2.5494343e+00
   7.4600000e+00   2.6492398e+00
   7.4700000e+00   3.0406840e+00
   7.4800000e+00   3.4575218e+00
   7.4900000e+00   2.3230849e+00
   7.5000000e+00   2.3244526e+00
   7.5100000e+00   3.7842678e+00
   7.5200000e+00   2.9981542e+00
   7.5300000e+00   3.1731089e+00
   7.5400000e+00   2.7852457e+00
   7.5500000e+00   3.2273052e+00
   7.5600000e+00   2.8714654e+00
   7.5700000e+00   3.3012683e+00
   7.5800000e+00   2.9939075e+00
   7.5900000e+00   3.3554873e+00
   7.6000000e+00   3.0285095e+00
   7.6100000e+00   2.9112495e+00
   7.6200000e+00   2.9845176e+00
   7.6300000e+00   2.9875820e+00
   7.6400000e+00   2.8492823e+00
   7.6500000e+00   3.4800173e+00
   7.6600000e+00   2.8797621e+00
   7.6700000e+00   2.9951847e+00
   7.6800000e+00   3.0769995e+00
   7.6900000e+00   3.3973855e+00
   7.7000000e+00   1.9830897e+00
   7.7100000e+00   2.0126845e+00
   7.7200000e+00   2.6617939e+00
   7.7300000e+00   2.8206804e+00
   7.7400000e+00   2.9312799e+00
   7.7500000e+00   2.6481988e+00
   7.7600000e+00   3.5727031e+00
   7.7700000e+00   2.5958005e+00
   7.7800000e+00   2.6293529e+00
   7.7900000e+00   2.5585758e+00
   7.8000000e+00   3.7989872e+00
   7.8100000e+00   3.1841276e+00
   7.8200000e+00   2.3636047e+00
   7.8300000e+00   2.6813076e+00
   7.8400000e+00   2.9928598e+00
   7.8500000e+00   2.9896739e+00
   7.8600000e+00   1.5678282e+00
   7.8700000e+00   2.6420801e+00
   7.8800000e+00   2.6635612e+00
   7.8900000e+00   2.5086974e+00
   7.9000000e+00   2.9362625e+00
   7.9100000e+00   2.6764137e+00
   7.9200000e+00   1.5412332e+00
   7.9300000e+00   2.7205916e+00
   7.9400000e+00   1.5913884e+00
   7.9500000e+00   2.7231555e+00
   7.9600000e+00   2.7023954e+00
   7.9700000e+00   3.2634291e+00
   7.9800000e+00   1.9722907e+00
   7.9900000e+00   2.6316321e+00
   8.0000000e+00   1.4418334e+00
   8.0100000e+00   2.9743374e+00
   8.0200000e+00   3.2413163e+00
   8.0300000e+00   2.7103475e+00
   8.0400000e+00   2.1761093e+00
   8.0500000e+00   2.0714116e+00
   8.0600000e+00   2.5933605e+00
   8.0700000e+00   2.2637031e+00
   8.0800000e+00   4.1270628e+00
   8.0900000e+00   2.8106005e+00
   8.1000000e+00   2.5104560e+00
   8.1100000e+00   2.3749451e+00
   8.1200000e+00   2.3905439e+00
   8.1300000e+00   3.4090201e+00
   8.1400000e+00   2.5641080e+00
   8.1500000e+00   2.1891775e+00
   8.1600000e+00   2.1975254e+00
   8.1700000e+00   3.0397755e+00
   8.1800000e+00   3.0438941e+00
   8.1900000e+00   3.3318428e+00
   8.2000000e+00   2.6755142e+00
   8.2100000e+00   2.9290546e+00
   8.2200000e+00   2.2510187e+00
   8.2300000e+00   2.7102308e+00
   8.2400000e+00   2.3523285e+00
   8.2500000e+00   2.6572490e+00
   8.2600000e+00   2.5435264e+00
   8.2700000e+00   2.1295710e+00
   8.2800000e+00   2.5481518e+00
   8.2900000e+00   2.2353303e+00
   8.3000000e+00   2.9905288e+00
   8.3100000e+00   2.7713779e+00
   8.3200000e+00   2.2851242e+00
   8.3300000e+00   2.4951310e+00
   8.3400000e+00   3.0824496e+00
   8.3500000e+00   2.7389753e+00
   8.3600000e+00   2.2418161e+00
   8.3700000e+00   3.1117352e+00
   8.3800000e+00   1.7604890e+00
   8.3900000e+00   1.5707028e+00
   8.4000000e+00   2.9834581e+00
   8.4100000e+00   2.4104811e+00
   8.4200000e+00   2.4075782e+00
   8.4300000e+00   3.0054144e+00
   8.4400000e+00   1.7352629e+00
   8.4500000e+00   2.5196130e+00
   8.4600000e+00   2.2727231e+00
   8.4700000e+00   2.7758789e+00
   8.4800000e+00   3.1418585e+00
   8.4900000e+00   2.6218651e+00
   8.5000000e+00   1.9402154e+00
