   0.0000000e+00   1.0167762e+00
   1.2030075e-01   1.3712399e+00
   2.4060150e-01   1.3538278e+00
   3.6090226e-01   1.3459679e+00
   4.8120301e-01   1.6984989e+00
   6.0150376e-01   2.3931924e+00
   7.2180451e-01   1.7454199e+00
   8.4210526e-01   2.6460969e+00
   9.6240602e-01   1.8540860e+00
   1.0827068e+00   2.2457546e+00
   1.2030075e+00   2.1935397e+00
   1.3233083e+00   2.5144823e+00
   1.4436090e+00   2.7521234e+00
   1.5639098e+00   2.1827786e+00
   1.6842105e+00   2.1575207e+00
   1.8045113e+00   1.9497038e+00
   1.9248120e+00   2.0266131e+00
   2.0451128e+00   2.5592185e+00
   2.1654135e+00   2.6555323e+00
   2.2857143e+00   2.3254497e+00
   2.4060150e+00   2.1219136e+00
   2.5263158e+00   2.2190970e+00
   2.6466165e+00   1.4657938e+00
   2.7669173e+00   2.2052538e+00
   2.8872180e+00   1.8739502e+00
   3.0075188e+00   1.2456410e+00
   3.1278195e+00   1.4570153e+00
   3.2481203e+00   1.3553935e+00
   3.3684211e+00   1.3133805e+00
   3.4887218e+00   1.5177026e+00
   3.6090226e+00   9.8530510e-01
   3.7293233e+00   8.5733077e-01
   3.8496241e+00   1.0824836e+00
   3.9699248e+00   7.4952962e-02
   4.0902256e+00   5.4505595e-01
   4.2105263e+00  -1.3645172e-01
   4.3308271e+00   2.5742085e-01
   4.4511278e+00   3.4522338e-01
   4.5714286e+00  -5.2626237e-01
   4.6917293e+00  -1.2684868e-01
   4.8120301e+00  -4.3139068e-01
   4.9323308e+00  -1.3811730e-01
   5.0526316e+00  -2.5978658e-01
   5.1729323e+00  -8.4337698e-01
   5.2932331e+00  -4.9672581e-02
   5.4135338e+00  -1.1841846e-02
   5.5338346e+00  -7.9714434e-01
   5.6541353e+00  -9.0603498e-01
   5.7744361e+00   1.7835261e-02
   5.8947368e+00  -5.2243173e-01
   6.0150376e+00  -1.6161090e-01
   6.1353383e+00   4.1499550e-02
   6.2556391e+00   3.7750166e-02
   6.3759398e+00   1.8377040e-01
   6.4962406e+00  -4.2158009e-01
   6.6165414e+00   5.8374155e-02
   6.7368421e+00   3.2041098e-01
   6.8571429e+00   3.6762715e-01
   6.9774436e+00   3.9807803e-01
   7.0977444e+00  -3.1854314e-01
   7.2180451e+00   6.2865468e-01
   7.3383459e+00   4.2501499e-01
   7.4586466e+00   4.4135159e-01
   7.5789474e+00   6.7458199e-01
   7.6992481e+00   5.0713323e-01
   7.8195489e+00   9.2010938e-01
   7.9398496e+00   2.4480274e-01
   8.0601504e+00   8.0303874e-01
   8.1804511e+00   7.7153858e-01
   8.3007519e+00   7.1521345e-01
   8.4210526e+00   4.5990243e-01
   8.5413534e+00   1.1919551e+00
   8.6616541e+00   1.1272882e+00
   8.7819549e+00   8.4502405e-01
   8.9022556e+00   2.7476581e-01
   9.0225564e+00   6.3957603e-01
   9.1428571e+00   5.5638440e-01
   9.2631579e+00   8.3973584e-02
   9.3834586e+00   3.3571956e-01
   9.5037594e+00   6.7439661e-01
   9.6240602e+00   5.7015883e-01
   9.7443609e+00  -1.8936187e-01
   9.8646617e+00   3.5927573e-03
   9.9849624e+00   2.8546999e-01
   1.0105263e+01  -3.6815284e-01
   1.0225564e+01  -1.4456791e-01
   1.0345865e+01  -8.0817589e-01
   1.0466165e+01  -2.7658674e-01
   1.0586466e+01  -2.4389040e-01
   1.0706767e+01  -4.8121675e-01
   1.0827068e+01  -9.3644562e-01
   1.0947368e+01  -9.0160967e-01
   1.1067669e+01  -1.2034354e+00
   1.1187970e+01  -1.3115342e+00
   1.1308271e+01  -8.9459637e-01
   1.1428571e+01  -1.1482559e+00
   1.1548872e+01  -1.2573956e+00
   1.1669173e+01  -8.5801053e-01
   1.1789474e+01  -1.1209999e+00
   1.1909774e+01  -1.3337137e+00
   1.2030075e+01  -1.1463615e+00
   1.2150376e+01  -1.3931403e+00
   1.2270677e+01  -1.8577759e+00
   1.2390977e+01  -1.4392595e+00
   1.2511278e+01  -1.0305845e+00
   1.2631579e+01  -1.4315664e+00
   1.2751880e+01  -1.5401554e+00
   1.2872180e+01  -1.1662493e+00
   1.2992481e+01  -1.2587211e+00
   1.3112782e+01  -7.7884695e-01
   1.3233083e+01  -6.6877326e-01
   1.3353383e+01  -9.8359525e-01
   1.3473684e+01  -2.4723319e-01
   1.3593985e+01  -7.3746345e-01
   1.3714286e+01  -7.7363827e-01
   1.3834586e+01  -7.4554175e-01
   1.3954887e+01  -3.9059101e-01
   1.4075188e+01   3.8854492e-01
   1.4195489e+01   2.0265958e-01
   1.4315789e+01  -9.4983019e-02
   1.4436090e+01   1.6011143e-01
   1.4556391e+01   2.9632818e-01
   1.4676692e+01   9.6952081e-01
   1.4796992e+01   6.9414098e-01
   1.4917293e+01   8.6041740e-01
   1.5037594e+01   1.1877221e+00
   1.5157895e+01   8.4061957e-01
   1.5278195e+01   7.9158295e-01
   1.5398496e+01   1.4657290e+00
   1.5518797e+01   7.7972254e-01
   1.5639098e+01   8.3557593e-01
   1.5759398e+01   1.1015105e+00
   1.5879699e+01   1.6742916e+00
   1.6000000e+01   1.3087312e+00
   1.6120301e+01   1.1631181e+00
   1.6240602e+01   1.2924865e+00
   1.6360902e+01   1.4897268e+00
   1.6481203e+01   1.3628274e+00
   1.6601504e+01   1.5955796e+00
   1.6721805e+01   7.8411943e-01
   1.6842105e+01   9.1612332e-01
   1.6962406e+01   1.2852045e+00
   1.7082707e+01   9.6595357e-01
   1.7203008e+01   7.8852975e-01
   1.7323308e+01   4.3891777e-01
   1.7443609e+01   6.2912403e-01
   1.7563910e+01   6.7041273e-01
   1.7684211e+01   7.8469308e-01
   1.7804511e+01   3.3899016e-01
   1.7924812e+01   8.7025860e-01
   1.8045113e+01   8.4177102e-01
   1.8165414e+01   8.2562957e-01
   1.8285714e+01   4.0441500e-01
   1.8406015e+01   9.6146936e-02
   1.8526316e+01   5.2253715e-01
   1.8646617e+01   2.2746775e-01
   1.8766917e+01   3.0998981e-01
   1.8887218e+01   3.7099431e-01
   1.9007519e+01  -2.3437327e-01
   1.9127820e+01   4.0372889e-01
   1.9248120e+01   6.6711494e-03
   1.9368421e+01  -2.9033391e-02
   1.9488722e+01   9.5420551e-02
   1.9609023e+01   1.1068620e-01
   1.9729323e+01   1.4005409e-01
   1.9849624e+01   8.3501510e-02
   1.9969925e+01   7.0760237e-01
   2.0090226e+01   4.0566071e-01
   2.0210526e+01   4.7012862e-01
   2.0330827e+01   8.9316733e-01
   2.0451128e+01   4.8311990e-01
   2.0571429e+01   1.3667512e+00
   2.0691729e+01   6.9562980e-01
   2.0812030e+01   1.0430356e+00
   2.0932331e+01   1.1960764e+00
   2.1052632e+01   1.6737923e+00
   2.1172932e+01   1.7531572e+00
   2.1293233e+01   1.9527023e+00
   2.1413534e+01   1.6249695e+00
   2.1533835e+01   2.4486025e+00
   2.1654135e+01   1.8498050e+00
   2.1774436e+01   2.1398360e+00
   2.1894737e+01   1.8514651e+00
   2.2015038e+01   2.6877123e+00
   2.2135338e+01   2.0887178e+00
   2.2255639e+01   1.9673896e+00
   2.2375940e+01   2.3037481e+00
   2.2496241e+01   2.9527821e+00
   2.2616541e+01   2.1889366e+00
   2.2736842e+01   2.2648543e+00
   2.2857143e+01   2.4695142e+00
   2.2977444e+01   2.5703582e+00
   2.3097744e+01   2.2952967e+00
   2.3218045e+01   2.5321888e+00
   2.3338346e+01   1.9206315e+00
   2.3458647e+01   1.7880491e+00
   2.3578947e+01   1.6799581e+00
   2.3699248e+01   2.0956338e+00
   2.3819549e+01   2.3309400e+00
   2.3939850e+01   1.9166312e+00
   2.4060150e+01   1.7464810e+00
   2.4180451e+01   1.7376116e+00
   2.4300752e+01   1.3754612e+00
   2.4421053e+01   1.1007069e+00
   2.4541353e+01   1.3181874e+00
   2.4661654e+01   1.2109594e+00
   2.4781955e+01   1.2074722e+00
   2.4902256e+01   5.5421156e-01
   2.5022556e+01   4.8448018e-01
   2.5142857e+01   9.8390437e-02
   2.5263158e+01   2.5268845e-01
   2.5383459e+01   2.0756091e-01
   2.5503759e+01   4.0296627e-01
   2.5624060e+01   2.6929244e-01
   2.5744361e+01   3.3547142e-01
   2.5864662e+01   3.9118448e-01
   2.5984962e+01   3.4027117e-01
   2.6105263e+01  -5.2837936e-01
   2.6225564e+01  -1.2071264e-01
   2.6345865e+01  -6.3033795e-01
   2.6466165e+01   1.0345628e-01
   2.6586466e+01  -3.8490834e-01
   2.6706767e+01  -4.5999496e-01
   2.6827068e+01  -4.1340606e-01
   2.6947368e+01  -5.1390252e-01
   2.7067669e+01  -4.2861886e-01
   2.7187970e+01   2.5323785e-01
   2.7308271e+01   2.1493675e-01
   2.7428571e+01   2.7038307e-01
   2.7548872e+01  -1.4513724e-01
   2.7669173e+01  -2.3066002e-01
   2.7789474e+01  -2.2462714e-01
   2.7909774e+01   7.5271687e-02
   2.8030075e+01   5.3035578e-01
   2.8150376e+01   5.7340861e-01
   2.8270677e+01   5.9318152e-01
   2.8390977e+01   2.8925699e-01
   2.8511278e+01   5.6439431e-01
   2.8631579e+01   5.0063560e-01
   2.8751880e+01   1.1058294e+00
   2.8872180e+01   1.0776621e+00
   2.8992481e+01   1.2270207e+00
   2.9112782e+01   8.1028386e-01
   2.9233083e+01   1.1588330e+00
   2.9353383e+01   4.9937264e-01
   2.9473684e+01   1.3906904e+00
   2.9593985e+01   1.1115688e+00
   2.9714286e+01   6.6568381e-01
   2.9834586e+01   1.1116132e+00
   2.9954887e+01   8.1405843e-01
   3.0075188e+01   1.1555804e+00
   3.0195489e+01   5.4516321e-01
   3.0315789e+01   7.1213425e-01
   3.0436090e+01   3.1613656e-01
   3.0556391e+01   1.1532297e-01
   3.0676692e+01   1.2117368e-01
   3.0796992e+01   1.4304991e-01
   3.0917293e+01   3.5736550e-01
   3.1037594e+01  -4.0664143e-01
   3.1157895e+01   1.2444068e-01
   3.1278195e+01  -4.2460538e-01
   3.1398496e+01   4.8775966e-02
   3.1518797e+01  -3.8408750e-01
   3.1639098e+01  -5.9081601e-01
   3.1759398e+01  -1.0172163e+00
   3.1879699e+01  -1.0288641e+00
   3.2000000e+01  -1.0027608e+00
   3.2120301e+01  -5.3336519e-01
   3.2240602e+01  -1.0748118e+00
   3.2360902e+01  -1.5612755e+00
   3.2481203e+01  -8.4589390e-01
   3.2601504e+01  -1.3726580e+00
   3.2721805e+01  -9.8215474e-01
   3.2842105e+01  -1.6409677e+00
   3.2962406e+01  -1.1846525e+00
   3.3082707e+01  -1.9324639e+00
   3.3203008e+01  -1.7841580e+00
   3.3323308e+01  -1.2166713e+00
   3.3443609e+01  -1.2796194e+00
   3.3563910e+01  -1.0391166e+00
   3.3684211e+01  -1.2963316e+00
   3.3804511e+01  -1.3069396e+00
   3.3924812e+01  -1.0332761e+00
   3.4045113e+01  -8.3331667e-01
   3.4165414e+01  -7.3105056e-01
   3.4285714e+01  -6.7419343e-01
   3.4406015e+01  -7.4391323e-01
   3.4526316e+01  -9.0966964e-01
   3.4646617e+01  -1.1536817e+00
   3.4766917e+01  -8.4267786e-01
   3.4887218e+01  -9.4326397e-01
   3.5007519e+01  -4.4945217e-01
   3.5127820e+01   2.0295310e-01
   3.5248120e+01  -2.7395847e-01
   3.5368421e+01   4.1476183e-01
   3.5488722e+01  -1.8327351e-01
   3.5609023e+01   9.7532693e-02
   3.5729323e+01   3.1873996e-01
   3.5849624e+01   2.1729168e-01
   3.5969925e+01   8.7395138e-01
   3.6090226e+01   4.4029236e-01
   3.6210526e+01   1.1662195e+00
   3.6330827e+01   6.5035811e-01
   3.6451128e+01   6.0607765e-01
   3.6571429e+01   1.1915202e+00
   3.6691729e+01   1.4653266e+00
   3.6812030e+01   1.4400451e+00
   3.6932331e+01   1.2581369e+00
   3.7052632e+01   1.3790126e+00
   3.7172932e+01   1.4292017e+00
   3.7293233e+01   1.4378397e+00
   3.7413534e+01   7.5703050e-01
   3.7533835e+01   1.1207202e+00
   3.7654135e+01   6.9728677e-01
   3.7774436e+01   8.4738341e-01
   3.7894737e+01   1.1320243e+00
   3.8015038e+01   1.0037798e+00
   3.8135338e+01   4.6654151e-01
   3.8255639e+01   8.9007057e-01
   3.8375940e+01   9.8792293e-01
   3.8496241e+01   8.4895849e-01
   3.8616541e+01   9.0476392e-01
   3.8736842e+01   3.9006413e-03
   3.8857143e+01   6.4806929e-01
   3.8977444e+01   4.8687029e-01
   3.9097744e+01   4.2341613e-01
   3.9218045e+01   6.6657221e-02
   3.9338346e+01  -5.7839439e-02
   3.9458647e+01  -3.7598119e-01
   3.9578947e+01  -6.0917485e-02
   3.9699248e+01  -3.9288688e-01
   3.9819549e+01  -2.6043367e-01
   3.9939850e+01  -1.7714929e-01
   4.0060150e+01   3.7416120e-01
   4.0180451e+01  -3.3876990e-01
   4.0300752e+01   1.5203601e-01
   4.0421053e+01  -6.8511801e-02
   4.0541353e+01  -2.1808950e-01
   4.0661654e+01  -3.1807750e-01
   4.0781955e+01   5.2394629e-01
   4.0902256e+01   1.1701116e-01
   4.1022556e+01   6.4114607e-01
   4.1142857e+01   5.8353079e-01
   4.1263158e+01   3.9530839e-01
   4.1383459e+01   1.0266786e+00
   4.1503759e+01   1.2212356e+00
   4.1624060e+01   1.0399751e+00
   4.1744361e+01   1.3901834e+00
   4.1864662e+01   1.2564270e+00
   4.1984962e+01   1.6426175e+00
   4.2105263e+01   9.9230483e-01
   4.2225564e+01   1.9262293e+00
   4.2345865e+01   1.3126448e+00
   4.2466165e+01   1.4651351e+00
   4.2586466e+01   2.1519920e+00
   4.2706767e+01   1.7289869e+00
   4.2827068e+01   2.3600688e+00
   4.2947368e+01   2.5752866e+00
   4.3067669e+01   1.9933252e+00
   4.3187970e+01   2.5785442e+00
   4.3308271e+01   2.5172340e+00
   4.3428571e+01   2.4591513e+00
   4.3548872e+01   2.9354257e+00
   4.3669173e+01   2.1778137e+00
   4.3789474e+01   2.1985929e+00
   4.3909774e+01   2.6486400e+00
   4.4030075e+01   2.7075783e+00
   4.4150376e+01   2.3093312e+00
   4.4270677e+01   2.8654488e+00
   4.4390977e+01   1.8674092e+00
   4.4511278e+01   2.0923267e+00
   4.4631579e+01   2.3367207e+00
   4.4751880e+01   1.6374436e+00
   4.4872180e+01   1.6376469e+00
   4.4992481e+01   1.6373301e+00
   4.5112782e+01   2.1482587e+00
   4.5233083e+01   2.0885982e+00
   4.5353383e+01   1.0630773e+00
   4.5473684e+01   1.1803806e+00
   4.5593985e+01   1.4213073e+00
   4.5714286e+01   1.6733931e+00
   4.5834586e+01   1.5466797e+00
   4.5954887e+01   1.0674785e+00
   4.6075188e+01   1.2811438e+00
   4.6195489e+01   5.9590271e-01
   4.6315789e+01   3.4487927e-01
   4.6436090e+01   5.8752850e-01
   4.6556391e+01   4.8923107e-01
   4.6676692e+01   1.2864408e-01
   4.6796992e+01   6.4742432e-01
   4.6917293e+01   5.5842493e-01
   4.7037594e+01   3.0867357e-01
   4.7157895e+01   3.4294850e-01
   4.7278195e+01  -1.4451326e-01
   4.7398496e+01  -3.0884606e-01
   4.7518797e+01  -2.8868440e-01
   4.7639098e+01   2.3035220e-01
   4.7759398e+01  -8.8667362e-02
   4.7879699e+01   2.1469757e-01
   4.8000000e+01   4.0388371e-01
